0,1,2,3,4,5,6,7,8,9,10,11,12,13,14,15,16,17,18,19,20,21,22,23,24,25,26,27,28,29,30,31,32,33,34,35,36,37,38,39,40,41,42,43,44,45,46,47,48,49,50,51,52,53,54,55,56,57,58,59,60,61,62,63,64,65,66,67,68,69,70,71,72,73,74,75,76,77,78,79,80,81,82,83,84,85,86,87,88,89,90,91,92,93,94,95,96,97,98,99
1.0,0.0,0.0,0.0,0.0,0.0,0.0,0.0,0.0,0.0,0.0,0.0,0.0,0.0,0.0,0.0,0.0,0.0,0.0,0.0,0.0,0.0,0.0,0.0,0.0,0.0,0.0,0.0,0.0,0.0,0.0,0.0,0.0,0.0,0.0,0.0,0.0,0.0,0.0,0.0,0.0,0.0,0.0,0.0,0.0,0.0,0.0,0.0,0.0,0.0,0.0,0.0,0.0,0.0,0.0,0.0,0.0,0.0,0.0,0.0,0.0,0.0,0.0,0.0,0.0,0.0,0.0,0.0,0.0,0.0,0.0,0.0,0.0,0.0,0.0,0.0,0.0,0.0,0.0,0.0,0.0,0.0,0.0,0.0,0.0,0.0,0.0,0.0,0.0,0.0,0.0,0.0,0.0,0.0,0.0,0.0,0.0,0.0,0.0,0.0
0.0,1.0,0.0,0.0,0.29029721876794395,0.0677201221340263,0.0,0.0,0.15434683050680822,0.0,0.0,0.0,0.0,0.0,0.0,0.0,0.08526219247357002,0.0,0.0,0.0,0.0,0.057311463457466995,0.0,0.0,0.0,0.0,0.0,0.06640350446806156,0.0,0.0,0.0,0.0,0.0,0.0,0.0,0.0,0.0,0.0,0.0,0.0,0.0,0.0,0.0,0.2862839985034125,0.21177827731970478,0.13569302152179405,0.0,0.08418451327448304,0.0,0.0,0.0,0.0,0.0,0.18733828124053442,0.0,0.08659013549157865,0.06856734270010492,0.0,0.0,0.0,0.10004918760543284,0.0,0.0,0.0,0.11074334860757758,0.0,0.0,0.0,0.0,0.0,0.0,0.0,0.0,0.0,0.0,0.0,0.0,0.0,0.0,0.0,0.07077156093882178,0.0,0.0,0.0,0.0,0.0,0.0,0.0,0.0,0.0,0.0,0.0,0.0,0.0,0.0,0.0,0.0,0.0,0.0,0.0
0.0,0.0,1.0,0.0,0.0,0.0,0.0,0.0,0.0,0.0,0.09495732510539373,0.0,0.0,0.0,0.0,0.0,0.0,0.0,0.0,0.0,0.0,0.0,0.0,0.0,0.0,0.0,0.1358371929042269,0.0,0.0,0.0,0.0,0.0,0.0,0.0,0.0,0.11091424165163276,0.0,0.0,0.0,0.0,0.0,0.0,0.0,0.0,0.0,0.0,0.0,0.10560016043514481,0.0,0.0,0.0,0.0,0.0,0.0,0.0,0.0,0.0,0.0,0.0,0.0,0.0,0.0,0.09028137008718984,0.0,0.13891528174493895,0.0,0.0,0.0,0.0,0.0,0.0,0.0,0.0,0.12345758020854972,0.0,0.0,0.0,0.0,0.0,0.0,0.0,0.0,0.0,0.0,0.0,0.0,0.0,0.0,0.0,0.0,0.0,0.0,0.0,0.0,0.0,0.0,0.0,0.0,0.0,0.0
0.0,0.0,0.0,1.0,0.11419986925165602,0.0,0.0,0.0,0.0,0.10670346032688943,0.04963266337764645,0.06405676159664055,0.0,0.3665863367625454,0.02375598348384786,0.054762178240413344,0.08385312193065374,0.0,0.0,0.0,0.0,0.11272863138753776,0.0,0.0,0.03740766926944214,0.0,0.03549995570166374,0.0870747982623774,0.045734559702365396,0.0,0.0,0.0,0.0,0.0,0.056455618453471114,0.11594617294816217,0.0,0.062417477597563394,0.0,0.09053479334126226,0.04684465777153608,0.0,0.10804543538295355,0.0,0.0,0.08896700986847451,0.0,0.0,0.08834761105969273,0.10427513344591312,0.0,0.0,0.0,0.061414089423871956,0.0,0.17031823786651806,0.08991223551869297,0.0,0.04953077826249799,0.0,0.1311943232039501,0.0,0.04718861705336401,0.05710399598054485,0.0,0.0,0.0,0.05257165691962419,0.06975934504333269,0.1636380230817669,0.09580463796350729,0.06226346553767001,0.0,0.06452928737313054,0.10858922298169357,0.10890608565471584,0.0,0.14180367896388932,0.0,0.09017819614588012,0.09280262300652257,0.1300354991953658,0.04914505330234938,0.0,0.0665386159363692,0.0,0.040221157164506374,0.0,0.0,0.0,0.0,0.0,0.0,0.0,0.0,0.0,0.0,0.0,0.0,0.0
0.0,0.29029721876794395,0.0,0.11419986925165602,1.0,0.08198428840205073,0.0,0.0,0.26722448461479953,0.15135545209300677,0.1567911670784281,0.2418105249678325,0.08988143982036431,0.16969781041907844,0.28827100420840984,0.2697393867178998,0.3284755247802065,0.08890471385194496,0.08565234933594777,0.13025485324594233,0.06779437384802893,0.27026584898447314,0.052695911559167925,0.055080931017613154,0.09324162144190562,0.07205352688789722,0.06441648427285496,0.09437438327522908,0.03858638635236332,0.06253349420567135,0.0,0.046273983590711526,0.026377844809778818,0.0,0.009561923378147957,0.053384395921707864,0.07291860361205513,0.038785854617267086,0.0,0.05494592818701201,0.05026424916476883,0.01328163179383535,0.012338774593971546,0.09346310150991104,0.08218229918744668,0.12134272349822732,0.009058891662684936,0.04993352007664418,0.056443028467698456,0.03228509970593667,0.011717645887309811,0.010200715100907339,0.048286687298873074,0.09735768481701002,0.0,0.05931672405971418,0.07022969311576654,0.031588432582708416,0.013854359799413704,0.015141095561720554,0.0890355771213922,0.00490481643890267,0.022838750195579943,0.037462764958843285,0.18773899125763083,0.0042807409964341165,0.0,0.0236498066116633,0.01566385964605217,0.04607648498049235,0.07757340107184066,0.028999941196581298,0.0,0.030354309177802078,0.04133478621761556,0.05319144150373033,0.02397317468159183,0.016193961597079965,0.0,0.06029254451353746,0.049796239411873625,0.09685769514999878,0.02141856935770407,0.0,0.06207393143260157,0.03600455676185846,0.01835634171630307,0.0,0.1373988519843609,0.0,0.0,0.0,0.0,0.0,0.0,0.0,0.03431040612756402,0.0,0.0,0.0
0.0,0.0677201221340263,0.0,0.0,0.08198428840205073,1.0000000000000002,0.0,0.0,0.058797447129929264,0.03996216405057106,0.0540250442010518,0.06151637289751695,0.04528082245165839,0.0,0.03636025779142325,0.010256974196832164,0.10202063928002869,0.06284547006066965,0.08961439288481006,0.0,0.12639209859587155,0.0982519094916119,0.06403962444843343,0.11592280632304441,0.08461399167989839,0.03885223557929843,0.035039271148674896,0.039640708324787555,0.038983114591254066,0.07125732359555198,0.043978871542148704,0.0656547029423605,0.11665133331155376,0.04331899610792836,0.038102951233991496,0.12868970481867373,0.0,0.050862658325218274,0.027536382402646074,0.04540062162121271,0.026081521284428158,0.04467803846700713,0.0,0.03146594728929193,0.09791811283859966,0.1007945257646778,0.024611556096205668,0.13960397493574112,0.032086670248872434,0.03686345532303588,0.01366737879852392,0.04245286873205311,0.08837315934528711,0.0478491805922443,0.051193410123271374,0.058888476959285715,0.08120810187583195,0.08892335081892071,0.07600787890770784,0.12279046442374734,0.1080053188943576,0.013325599799906027,0.06894441394983276,0.09408838322217017,0.028105286120926797,0.030637757645978002,0.0,0.03051224263228068,0.03224986792155814,0.017528976518506,0.03575551592107824,0.044022892213239184,0.0,0.01400330420450591,0.020368054490586304,0.05055496374195516,0.036392220470049724,0.023046155888282755,0.0,0.05741553574320907,0.029189220434930198,0.18290861658296168,0.29128133202152456,0.0,0.038270031972666846,0.10062703780497324,0.029852823166861813,0.0,0.08013052171965372,0.0987880299753177,0.0,0.0,0.0,0.0,0.0,0.0,0.04001941360802408,0.04395308621239336,0.0,0.0
0.0,0.0,0.0,0.0,0.0,0.0,1.0000000000000002,0.1702438475151782,0.0,0.0,0.0,0.0,0.0,0.2374764782274372,0.0,0.0,0.0,0.0,0.0,0.2627329591883654,0.0,0.0,0.0,0.0,0.0,0.0,0.0,0.0,0.0,0.0,0.1752981812918579,0.0,0.0,0.0,0.0,0.0,0.24682044874877462,0.0,0.0,0.0,0.0,0.0,0.0,0.0,0.0,0.0,0.0,0.0,0.0,0.0,0.0,0.0,0.0,0.0,0.0,0.0,0.0,0.0,0.0,0.0,0.0,0.0,0.0,0.0,0.0,0.0,0.2048951138107256,0.0,0.0,0.0,0.0,0.0,0.21625975137988895,0.0,0.0,0.0,0.0,0.0,0.1609394562825855,0.0,0.0,0.0,0.0,0.172935710816275,0.0,0.0,0.0,0.2107122447072997,0.25524564974467295,0.22550164502718026,0.1702438475151782,0.2107122447072997,0.721725428827996,0.22550164502718026,0.15666021911258296,0.16275027145866017,0.4028665893462418,0.33286482767606945,0.2107122447072997,0.15692025302773227
0.0,0.0,0.0,0.0,0.0,0.0,0.1702438475151782,1.0,0.06685339716905013,0.0,0.0,0.0,0.0,0.17928432115393378,0.0,0.0,0.0,0.0,0.0,0.1983518560846169,0.0,0.0,0.0,0.0,0.0,0.0,0.0,0.0,0.0,0.0,0.13234243520459474,0.0,0.0,0.0,0.0,0.0,0.1863386089061546,0.0,0.0,0.0,0.0,0.0,0.0,0.0,0.0,0.0,0.0,0.0,0.0,0.0,0.0,0.0,0.0,0.0,0.0,0.0,0.0,0.0,0.0,0.0,0.0,0.0,0.0,0.0,0.0,0.0,0.15468682061274466,0.0,0.0,0.0,0.0,0.0,0.1632666233239697,0.0,0.0,0.0,0.0,0.0,0.12150222784958271,0.0,0.0,0.0,0.0,0.13055887365516228,0.0,0.04466869666381698,0.10628423142614714,0.15907849919767394,0.1926992659801088,0.1702438475151782,0.12852663497544714,0.15907849919767394,0.12286931385321993,0.1702438475151782,0.11827159154906533,0.12286931385321993,0.3041465981206245,0.2512983395718488,0.15907849919767394,0.11846790574532814
0.0,0.15434683050680822,0.0,0.0,0.26722448461479953,0.058797447129929264,0.0,0.06685339716905013,1.0,0.12121920442422879,0.014071829249256998,0.21694756341338867,0.0,0.0,0.27534008409273325,0.27606735078953915,0.19234035330981455,0.015051646411762635,0.00824484119060637,0.0,0.05362875333663697,0.1745027279775873,0.012541921428820269,0.030839189854356498,0.021945951682487006,0.0361872070429612,0.049486296828643334,0.07401830132796887,0.006707771808893672,0.040934379307120405,0.0,0.00986613280420125,0.026638470771845585,0.0,0.004140101144302313,0.00425138273612027,0.0,0.026683882509384402,0.010631013029201292,0.042665888576660045,0.030371970494519077,0.04019023330945051,0.0,0.05795190487399951,0.0326873058744883,0.06765969721043472,0.012041204028531047,0.0450302934451936,0.006478859955206473,0.015293769198808878,0.015575256898629977,0.013558931527230348,0.016412593233288912,0.0787754791548314,0.0,0.02169162754081959,0.03036395113583014,0.011030205922257449,0.010896830326910219,0.020125753531765576,0.053865120148048944,0.027123370452316203,0.023914302929666443,0.016750596350167353,0.01709288485729015,0.02542816806634842,0.0,0.011565827260409152,0.010231426106073393,0.027153765621528908,0.08014855456025627,0.029095774923679405,0.0,0.0047321734100688895,0.007963252881481227,0.030925690353193758,0.03558980801835453,0.0,0.0,0.05742433693143829,0.01432614742266907,0.0609179642248321,0.00720798025024009,0.0,0.05767411479263048,0.03233706983357278,0.03273467343837838,0.0,0.0,0.0,0.0,0.0,0.0,0.0,0.0,0.0,0.0456058661332209,0.0,0.0,0.0
0.0,0.0,0.0,0.10670346032688943,0.15135545209300677,0.03996216405057106,0.0,0.0,0.12121920442422879,1.0,0.019656403299524155,0.23569841469555658,0.009385334088071295,0.03911603064112199,0.12255606372182071,0.136875827557349,0.11158948022474095,0.03816832229120644,0.10124343276985068,0.0,0.0460098772767599,0.096834245780608,0.00604037628808125,0.013822863764764923,0.0322328779821457,0.007014943075942971,0.009044081499770536,0.03589887867155103,0.02047565892543824,0.030081317832926578,0.0,0.00950335321167189,0.005707953016814774,0.02073587354194717,0.006024009843879962,0.02056197502281481,0.0,0.0066601608445361156,0.0,0.029767209513339124,0.008616257143396679,0.012394589119466427,0.019873071951343045,0.014496042230791704,0.010723431514298078,0.012928508195850502,0.012680810812213792,0.008525396221829034,0.01625000098426693,0.05473772652669619,0.0,0.0,0.0,0.011296049792579956,0.01087013927597939,0.022558052565683946,0.03621478380840722,0.0058080551657661095,0.009110322122612681,0.007064932277117059,0.060850651413971286,0.006865856403445113,0.021336876754903197,0.010503283334537015,0.005607509558993381,0.005992263593952699,0.0,0.005609577708441962,0.05501985869633056,0.045361273640067916,0.05367719122918533,0.006643727224813419,0.0,0.0068854982551412825,0.027664535440453122,0.015826014868281117,0.00796682125574093,0.03632674187258581,0.0,0.025285007186722545,0.009902361002207758,0.02747052854717248,0.012520349915709453,0.0,0.012238616998112177,0.028707703487633986,0.004291736647804491,0.0,0.09628469617180062,0.0,0.0,0.0,0.0,0.0,0.0,0.0,0.0,0.0,0.0,0.0
0.0,0.0,0.09495732510539373,0.04963266337764645,0.1567911670784281,0.0540250442010518,0.0,0.0,0.014071829249256998,0.019656403299524155,0.9999999999999999,0.0557261853057969,0.15227420651197432,0.018194656251379955,0.1739890085149365,0.002717992758433111,0.06655284146002646,0.09870863407102252,0.050442265378581784,0.0,0.08011994661189392,0.09942667043840388,0.07759777832229739,0.05347675534671913,0.12610464401889135,0.05910523100191726,0.051214593895835527,0.01973639041790727,0.008016738234218085,0.05847550608933428,0.0,0.05226895951640416,0.02786141108100281,0.007640934191404982,0.009896015571982471,0.023906033803410207,0.0,0.026516165063230727,0.0,0.023198700348310862,0.014014226244089791,0.0,0.005362582723853385,0.07859871876273786,0.0,0.015515689594220894,0.0,0.018013407497123737,0.0043849272399449635,0.018278222303095868,0.0,0.0,0.0,0.0030481448270197136,0.0,0.01814131484765926,0.010654781041206204,0.0,0.052462779603750904,0.0540483790215976,0.006511523680639807,0.0,0.010914974155795936,0.0028342234100208583,0.013191023570761535,0.0,0.0,0.009215202131746977,0.0034623420899808203,0.008121790915400875,0.02110359115791885,0.018737826075446003,0.0,0.025937541589400176,0.04744290421033502,0.03258075939346035,0.014717923898032382,0.007038094263726564,0.0,0.035896077515560045,0.02542869106471369,0.06220204898952838,0.030539865035604977,0.0,0.003302488726384314,0.03174402770995848,0.024055426088639142,0.0,0.0,0.0,0.0,0.0,0.0,0.0,0.0,0.0,0.0,0.0,0.0,0.0
0.0,0.0,0.0,0.06405676159664055,0.2418105249678325,0.06151637289751695,0.0,0.0,0.21694756341338867,0.23569841469555658,0.0557261853057969,1.0000000000000007,0.10021026828138488,0.023482333578584154,0.2413235445540775,0.259034359963453,0.16205156456676512,0.03234531532039532,0.0,0.0,0.027285799876219145,0.08034739466355258,0.009416520465657309,0.0,0.002396214152278632,0.0,0.02783589738813824,0.02675956006386895,0.01765838390650384,0.010934166089365717,0.0,0.016878269655144697,0.0,0.0,0.0036163640920649,0.007427136358583278,0.0,0.045214610327128625,0.0,0.02994063820949271,0.0030007170749475017,0.0,0.006921040695931087,0.0,0.0,0.005698938541110839,0.0,0.0,0.005659261859283461,0.006679527363602736,0.0,0.0,0.0,0.00393398768489973,0.0,0.010910034758575464,0.013751242076771978,0.0,0.0031727812548569,0.0,0.040318237215274895,0.0,0.003022749992662505,0.0036578970567412816,0.0,0.04445619261814536,0.0,0.039167728699972065,0.0044685577345785505,0.010482121832694305,0.06817474157724504,0.003988395968127173,0.0,0.00413353717726173,0.026259554021592996,0.03650529856219711,0.014348047428789196,0.00908348445691641,0.0,0.027713286787592592,0.048227440507745,0.040394372477390396,0.02952407989796313,0.0,0.018916509013758152,0.007445762056934648,0.0025764370756277957,0.0,0.11560423268724554,0.0,0.0,0.0,0.0,0.0,0.0,0.0,0.0,0.0,0.0,0.0
0.0,0.0,0.0,0.0,0.08988143982036431,0.04528082245165839,0.0,0.0,0.0,0.009385334088071295,0.15227420651197432,0.10021026828138488,1.0,0.0,0.06886676052424268,0.0,0.03826864610053014,0.0328587246153305,0.01977788019257263,0.0,0.03318718035398188,0.059491746394458714,0.02480878165017307,0.009065537720105193,0.04263684082047416,0.026204926337431204,0.008108472150505006,0.0,0.011900913817064956,0.0,0.0,0.0441359392636924,0.0,0.0,0.0,0.03481456369049642,0.0,0.0,0.0,0.0,0.0,0.020881277102186895,0.0,0.0,0.0,0.014857379730467472,0.0,0.0,0.02475883413008381,0.0,0.0,0.0,0.0,0.0,0.0,0.0,0.03995761424287159,0.0,0.0,0.0,0.0,0.0,0.0,0.0,0.0,0.0,0.0,0.013680043325931378,0.0,0.0,0.0,0.033650942246258295,0.0,0.0,0.03626852971366677,0.018187180528186877,0.0,0.0,0.0,0.0,0.046619801728598774,0.022875108258322993,0.0,0.0,0.0,0.030589949248707674,0.0,0.0,0.0,0.0,0.0,0.0,0.0,0.0,0.0,0.0,0.0,0.0,0.0,0.0
0.0,0.0,0.0,0.3665863367625454,0.16969781041907844,0.0,0.2374764782274372,0.17928432115393378,0.0,0.03911603064112199,0.018194656251379955,0.023482333578584154,0.0,1.0,0.08848494238530955,0.11202506378898935,0.0776714008952433,0.0,0.0,0.27668489005836583,0.0,0.04132477602861276,0.0,0.0,0.013713140444309636,0.0,0.013013798715905547,0.031920431319342586,0.01676566470473806,0.0,0.18460705565073623,0.0,0.0,0.0,0.020695858358521932,0.042504282802703304,0.2599273762118665,0.022881394462449006,0.0,0.03318881824052742,0.017172611489362513,0.0,0.03960798036095125,0.0,0.0,0.032614090240401294,0.0,0.0,0.032387027100094896,0.03822583918536286,0.0,0.0,0.0,0.0225135660675046,0.0,0.062436338903338696,0.032960597048928876,0.0,0.01815730656024705,0.0,0.048094046347377475,0.0,0.01729870226248329,0.020933544701011053,0.0,0.0,0.21577567661608946,0.01927205112770235,0.025572822754389758,0.059987463436609774,0.03512067127590402,0.022824935745595437,0.22774381150898942,0.0236555550720135,0.03980732546475025,0.03992348299131027,0.0,0.0519832912108242,0.16948583803555103,0.03305809458097248,0.034020173609916625,0.04766923729911807,0.018015905060108292,0.18211913070282687,0.02439214746936351,0.0,0.014744526665286998,0.2219017151136797,0.2687999813789954,0.2374764782274372,0.17928432115393378,0.2219017151136797,0.17139281308525933,0.2374764782274372,0.1649793601670208,0.17139281308525933,0.4242600483997054,0.35054097717454763,0.2219017151136797,0.16525320268547297
0.0,0.0,0.0,0.02375598348384786,0.28827100420840984,0.03636025779142325,0.0,0.0,0.27534008409273325,0.12255606372182071,0.1739890085149365,0.2413235445540775,0.06886676052424268,0.08848494238530955,1.0000000000000002,0.36599571563321487,0.24448248131416642,0.09665198394511346,0.0,0.0,0.07599234525980157,0.20059568309746897,0.044016277636367646,0.04969744062882731,0.037393188627227084,0.012494205630573263,0.035099004769559336,0.04814221739039199,0.03601542279561403,0.007346195390634456,0.0,0.022756797496942423,0.0,0.006616553879841798,0.008856071762754962,0.015488042299506712,0.0,0.020697381349107404,0.0,0.02944579499414676,0.022900151743503662,0.011705134055527497,0.010446822719763844,0.020423788448140686,0.0,0.00211349881704281,0.0,0.028616999582652743,0.01863459932148726,0.0024771583479171436,0.0,0.0,0.0,0.0014589520940290577,0.010265482477975898,0.004046077245755074,0.042041509281671365,0.005484979264896997,0.008401526641598427,0.009953936386980233,0.05722975048162719,0.016157393861720354,0.004975222572182513,0.026457225057704283,0.009665090429884018,0.04829817308095098,0.0,0.006140756176306991,0.02143661348814688,0.01811653427269204,0.15735351033727918,0.02921472131550838,0.0,0.007537495357908777,0.015548955234867542,0.04803535030020568,0.029945819714830922,0.0033686858554150185,0.02489662932748191,0.03649068302291103,0.025465360025813785,0.07428254338524978,0.04056711936884859,0.0,0.026358056621658722,0.03481273540710833,0.010563089547769735,0.0,0.0,0.0,0.0,0.0,0.0,0.0,0.032190757256531755,0.0,0.0,0.0,0.0,0.0
0.0,0.0,0.0,0.054762178240413344,0.2697393867178998,0.010256974196832164,0.0,0.0,0.27606735078953915,0.136875827557349,0.002717992758433111,0.259034359963453,0.0,0.11202506378898935,0.36599571563321487,1.0,0.2812809330825345,0.03667459165246655,0.0,0.0,0.041654267754000274,0.16466843119966992,0.0,0.04743927946396394,0.002048525452091623,0.0,0.0019440549016612877,0.034949012810526106,0.013976017254940666,0.0,0.0,0.014429246627623274,0.0,0.0,0.003091632640421754,0.0063494649892810485,0.0,0.016806764029271108,0.0,0.016312198218943887,0.03195514525356933,0.0,0.005916803390504365,0.04708081835896338,0.0,0.01852173923801052,0.0,0.0,0.004838107623965606,0.10170044534824976,0.0,0.0,0.0,0.0033631693115027603,0.0,0.00932699769963938,0.01338816081170869,0.0,0.002712413307597306,0.0,0.06500784759507698,0.0,0.0025841514579949287,0.003127139206126444,0.018212290968105126,0.03610525074221147,0.0,0.0028789384466263194,0.0038201736871974795,0.05399979147281268,0.09871655822386874,0.02685570524564283,0.0,0.003533764336854229,0.005946582383911493,0.02646885244768455,0.020443595937743697,0.007765478342566859,0.0,0.051976614552152495,0.024988382200002872,0.056958782893948026,0.002691290168577871,0.0,0.028699678721850887,0.019096164342420306,0.0022025981776783764,0.0,0.0,0.0,0.0,0.0,0.0,0.0,0.0,0.0,0.0,0.0,0.0,0.0
0.0,0.08526219247357002,0.0,0.08385312193065374,0.3284755247802065,0.10202063928002869,0.0,0.0,0.19234035330981455,0.11158948022474095,0.06655284146002646,0.16205156456676512,0.03826864610053014,0.0776714008952433,0.24448248131416642,0.2812809330825345,0.9999999999999999,0.1110561619955376,0.13793769006652729,0.0,0.06493528815972902,0.23629469458728225,0.03912708568874031,0.062270660741911746,0.04503784953427458,0.029287154648622714,0.019333379387635158,0.025286734905389317,0.013498221024586806,0.059035273677205,0.019148988539528854,0.009957638151778869,0.017554041189019584,0.0,0.011390610894903674,0.06885651065579113,0.0,0.022997968470789668,0.0,0.013386955905004206,0.06660148050636418,0.011276554157249598,0.009059947067217375,0.02440920138250119,0.018056680242553757,0.04024529961097379,0.0,0.02131049707582934,0.08362115117558776,0.027552471923661344,0.025042561731661802,0.021800627880231554,0.0,0.028985137049745806,0.0,0.039270319942434885,0.0642077256049284,0.0,0.02319293134492212,0.03516497065679057,0.04440303697077992,0.0,0.009998206766822492,0.03347219326993944,0.15854187837521833,0.009933510019316565,0.022382058714201174,0.022084061915750627,0.01078599348544133,0.07594214643802345,0.1506605123391308,0.04982142321172456,0.02362349381047,0.0552467251107355,0.02190920266658338,0.03454682193168053,0.01249191563932072,0.039116996157275825,0.017580489319408456,0.07732352743016718,0.048922023134494744,0.1692382078378552,0.04937341482232137,0.0,0.030837464108810157,0.049926923214002474,0.032638161599762745,0.0,0.0,0.0,0.0,0.0,0.0,0.0,0.0,0.0,0.0,0.0,0.0,0.0
0.0,0.0,0.0,0.0,0.08890471385194496,0.06284547006066965,0.0,0.0,0.015051646411762635,0.03816832229120644,0.09870863407102252,0.03234531532039532,0.0328587246153305,0.0,0.09665198394511346,0.03667459165246655,0.1110561619955376,1.0000000000000002,0.013226164448157003,0.0,0.05886934150171397,0.06559666024910724,0.02114778857742526,0.025489246535431477,0.036600862835603744,0.05298400807019556,0.03009589022891704,0.05650302735047628,0.014558522038987274,0.0390033049438711,0.0,0.014476093728488305,0.00869470607150901,0.0,0.0,0.037119936429724124,0.0,0.01986913680017614,0.0,0.047478100056136785,0.0055108104823280235,0.01888020257935164,0.012710476417182101,0.022081265565015017,0.060534939201825524,0.06560606458189834,0.019316193114381798,0.012986409326354535,0.06135964626364598,0.07865401295598945,0.0,0.0,0.0,0.007224759958975497,0.0165580665577636,0.07659979461690228,0.04217405490426428,0.00884718783856181,0.005826805980268954,0.010761740572091857,0.06899274695287962,0.010458495923369726,0.03559404792337848,0.022673377285108074,0.008541704401735217,0.03800981953016241,0.0,0.0,0.0,0.04720017193031828,0.04015373879000143,0.0,0.0,0.0,0.024490528376432053,0.006405861702975163,0.0,0.021091249480924685,0.0,0.0313155169100513,0.0,0.11511692281437444,0.0549415672132646,0.0,0.030638704143002345,0.03017067746720195,0.02392926520288971,0.0,0.0,0.0,0.0,0.0,0.0,0.0,0.0,0.0,0.0,0.0,0.0,0.0
0.0,0.0,0.0,0.0,0.08565234933594777,0.08961439288481006,0.0,0.0,0.00824484119060637,0.10124343276985068,0.050442265378581784,0.0,0.01977788019257263,0.0,0.0,0.0,0.13793769006652729,0.013226164448157003,1.0,0.0,0.0611319693499114,0.09216597152781292,0.0817354533157788,0.08737150013173968,0.041606286838913646,0.02691925115267598,0.01735370295592415,0.01773558767099978,0.0074522530916626105,0.02004496814417577,0.0,0.03098773781081581,0.03009329903929743,0.0,0.004599602137853806,0.058503921812525346,0.0,0.010170664010484961,0.04279398549879189,0.03806314686647656,0.019073499026840593,0.0457328590940475,0.017583985576852028,0.0458403770967743,0.022597676518793942,0.03623311805681576,0.040100128039775,0.04494733877034696,0.02157617403873896,0.03396157522456921,0.01730392143369565,0.015063808410934826,0.01823419194177256,0.03501282593337302,0.0229068363746526,0.05058086249727024,0.029292665780500427,0.024493842119731372,0.020167192929360027,0.037247524477051486,0.01602007975309277,0.021711681134433156,0.0230581399572626,0.027903168468559683,0.06795039337201511,0.058905262154608284,0.0,0.012849493753609898,0.011366990261953858,0.013332061917298655,0.011708220448150036,0.020291136793287264,0.0,0.05514475053533273,0.008847077330064608,0.022171366144704857,0.01441637747608375,0.0,0.0,0.022032235713474346,0.00378044873895981,0.04322667886562859,0.008007978600773869,0.0,0.02167109392033379,0.012819407217450373,0.026011687425205064,0.0,0.0,0.0,0.0,0.0,0.0,0.0,0.0,0.0,0.05066756392020163,0.0,0.0,0.0
0.0,0.0,0.0,0.0,0.13025485324594233,0.0,0.2627329591883654,0.1983518560846169,0.0,0.0,0.0,0.0,0.0,0.27668489005836583,0.0,0.0,0.0,0.0,0.0,1.0000000000000002,0.061689393568405686,0.0,0.0,0.08816818623064217,0.06400003567727301,0.0,0.0,0.0,0.0,0.0,0.20424068261496306,0.0,0.0,0.0,0.0,0.0,0.2875715912411618,0.0,0.0,0.0,0.0,0.0,0.0,0.0,0.0,0.0,0.0,0.0,0.0,0.0,0.0,0.0,0.0,0.0,0.0,0.0,0.0,0.0,0.0,0.0,0.0,0.0,0.0,0.09769808842528369,0.0,0.0,0.23872419896644334,0.0,0.0,0.0,0.0,0.0,0.2519651882208218,0.0,0.0,0.0,0.0,0.0,0.18751126890534944,0.0,0.0,0.0,0.0,0.20148815786522023,0.0,0.0,0.0,0.24550176377870345,0.2973878300058161,0.2627329591883654,0.1983518560846169,0.24550176377870345,0.18962105763747136,0.2627329591883654,0.18252551084310517,0.18962105763747136,0.4693816365033799,0.38782227586196955,0.24550176377870345,0.18282847750220993
0.0,0.0,0.0,0.0,0.06779437384802893,0.12639209859587155,0.0,0.0,0.05362875333663697,0.0460098772767599,0.08011994661189392,0.027285799876219145,0.03318718035398188,0.0,0.07599234525980157,0.041654267754000274,0.06493528815972902,0.05886934150171397,0.0611319693499114,0.061689393568405686,1.0000000000000002,0.13920677257880698,0.06732964446630693,0.2875980670506453,0.20308163996433148,0.06061539320495617,0.2505000731268226,0.14443298564854998,0.041595281617053934,0.1162101400826441,0.0,0.02399947955771398,0.06183094500066093,0.01856173301776035,0.014374485717160249,0.0828550319940887,0.0,0.06934554341436022,0.032481167155165545,0.08980875207985135,0.04014012822141444,0.09138204469001288,0.0,0.08407210758905753,0.07454387328611803,0.06291069058157821,0.021451697159327487,0.13834409929191344,0.021322224223919953,0.060876382679463756,0.10972573221573287,0.0646851505274117,0.09331671651083553,0.0981615113166587,0.04066572883072153,0.031236902529274718,0.10031701820312566,0.0901107368368024,0.08830887655147507,0.04877467585137064,0.08348423298119578,0.022010868715379196,0.08306673737898615,0.09112071396118837,0.036833553750318646,0.03461536128470799,0.0,0.03224404471812449,0.07262481956850222,0.021378623948087556,0.039060441457373356,0.05399234779894167,0.0,0.016430168424212223,0.03612596094539944,0.08086517078554392,0.07183374614227414,0.021568888610441508,0.0,0.03980971043330721,0.02017777573376632,0.0729183678254803,0.21427304545448816,0.0,0.036106197955014546,0.02479649898246809,0.022390082370682948,0.0,0.0,0.0,0.047640379707698015,0.0,0.0,0.0,0.0,0.0,0.08124795715283914,0.0,0.0,0.0
0.0,0.057311463457466995,0.0,0.11272863138753776,0.27026584898447314,0.0982519094916119,0.0,0.0,0.1745027279775873,0.096834245780608,0.09942667043840388,0.08034739466355258,0.059491746394458714,0.04132477602861276,0.20059568309746897,0.16466843119966992,0.23629469458728225,0.06559666024910724,0.09216597152781292,0.0,0.13920677257880698,1.0,0.07175464195343684,0.19327438021624999,0.20804453603108153,0.10543325816424319,0.08099168138902085,0.14630937686306789,0.0398093711582669,0.06464480407862302,0.0,0.08222056974501364,0.08735985197493379,0.011487731191885927,0.015587881914742916,0.06866783299806625,0.07197919263605586,0.09578962487124565,0.02744187005411135,0.06881479559168671,0.07141736665422657,0.08515387223029965,0.012179814058391001,0.0793795631424304,0.03350742051432075,0.1252417636509364,0.02682655765845303,0.10287199309416652,0.024393535424346288,0.04582772966243449,0.03470006207404893,0.04313715562101185,0.16668921417931332,0.08269350860702905,0.02166246280342133,0.05145103564323375,0.06394295795356429,0.036148690779501086,0.045106648034255785,0.09310075215850064,0.08547276613806984,0.025359008190001642,0.07376495839270657,0.06532624454522626,0.015727391404340936,0.038186514733569585,0.0,0.054907032980826234,0.05021737544540193,0.05643540151776029,0.11920770571241868,0.055753276583183214,0.0,0.02615380764072868,0.029982418604578315,0.03896644367880369,0.05188948424197705,0.027224131397116397,0.0,0.062284791567407544,0.04557489320631697,0.2061920452070866,0.03672605895862143,0.0,0.05569051695846616,0.06090621229115531,0.0314549295022029,0.0,0.0,0.0,0.0,0.0,0.0,0.0,0.0,0.0,0.10160515464131656,0.0,0.0,0.0
0.0,0.0,0.0,0.0,0.052695911559167925,0.06403962444843343,0.0,0.0,0.012541921428820269,0.00604037628808125,0.07759777832229739,0.009416520465657309,0.02480878165017307,0.0,0.044016277636367646,0.0,0.03912708568874031,0.02114778857742526,0.0817354533157788,0.0,0.06732964446630693,0.07175464195343684,1.0000000000000002,0.09397533579761586,0.11681865872929521,0.07640817532368267,0.038568977972714164,0.057197649762540784,0.022293171240851315,0.07579314155454339,0.0,0.046366072611271125,0.09103013821332623,0.03323564610366006,0.01805294797735888,0.028997108029343292,0.0,0.015471452505812423,0.04779130656875102,0.050767294655086434,0.023912836219995924,0.029835779051667986,0.014982137290070415,0.023262877532168824,0.0,0.07368183200137142,0.02034984061418678,0.0640468700359625,0.025745402900875868,0.035810631699885645,0.026322450368013534,0.02291482602769837,0.027737563085180526,0.03805685539855283,0.01951738221953571,0.014072289949593449,0.06877165330361062,0.018641236534797035,0.039710093279976905,0.034012867454235755,0.008129801213568086,0.023345825571428586,0.023393333907635885,0.028308794129790083,0.017611745815922075,0.046015493230723646,0.0,0.050992673537997496,0.028974233419257006,0.028098650095317677,0.03612987967649618,0.03086655491348965,0.0,0.04062253730093139,0.05185790531272355,0.043656398827275504,0.02601936016643644,0.0,0.0,0.040464542328506256,0.033981861100791905,0.07368952711729113,0.08425584492823031,0.0,0.03556704292336439,0.017709121244576437,0.022697623710215577,0.0,0.0,0.0,0.0,0.0,0.0,0.0,0.0,0.0,0.07707469325193414,0.0,0.0,0.0
0.0,0.0,0.0,0.0,0.055080931017613154,0.11592280632304441,0.0,0.0,0.030839189854356498,0.013822863764764923,0.05347675534671913,0.0,0.009065537720105193,0.0,0.04969744062882731,0.04743927946396394,0.062270660741911746,0.025489246535431477,0.08737150013173968,0.08816818623064217,0.2875980670506453,0.19327438021624999,0.09397533579761586,1.0,0.2642267075670717,0.07546561572546104,0.10537021954437956,0.13964147711246785,0.054954787610947894,0.1327737677127887,0.0,0.0343007194703033,0.05632071817772176,0.010774115307319592,0.03913997099100712,0.06494805324847377,0.0,0.04793771159591608,0.03196023843210253,0.05696157003992555,0.06430843054328622,0.07882639102052012,0.0,0.035048181182757564,0.0832179565913251,0.11907203214193915,0.03065935845210813,0.1854408556177674,0.04881516728213821,0.06905147584834571,0.03965777700529686,0.06998741317832086,0.21799824090500136,0.0836127946859948,0.059417884665014686,0.045167915174674445,0.068104378796646,0.07315789524343635,0.09264241506309462,0.051244268445840575,0.012248473797745681,0.031458541894139797,0.08344666039791444,0.12434742541709057,0.012864906855016948,0.044252635158862685,0.0,0.05067278262141149,0.05007034893155547,0.04505170666764072,0.06878889723993813,0.0465039893538339,0.0,0.023482450801213132,0.020276064084589762,0.04015089695955973,0.03826527222966334,0.0,0.0,0.04920138333665874,0.01875140457029023,0.120342776016581,0.16902631699853135,0.0,0.024848529233019216,0.013137058385961912,0.02563698078136722,0.0,0.0,0.0,0.0680889473408286,0.0,0.0,0.0,0.0,0.0,0.11612182585596931,0.0,0.0,0.0
0.0,0.0,0.0,0.03740766926944214,0.09324162144190562,0.08461399167989839,0.0,0.0,0.021945951682487006,0.0322328779821457,0.12610464401889135,0.002396214152278632,0.04263684082047416,0.013713140444309636,0.037393188627227084,0.002048525452091623,0.04503784953427458,0.036600862835603744,0.041606286838913646,0.06400003567727301,0.20308163996433148,0.20804453603108153,0.11681865872929521,0.2642267075670717,1.0,0.17705070976748966,0.09896905566225578,0.16431259243528556,0.04943534914519976,0.11683506743460789,0.025627633663661088,0.08933404412682236,0.10229227482899236,0.04969612836859667,0.01970166143046418,0.05418070479915975,0.0,0.05832253694929455,0.014238520735965597,0.053637529832072595,0.04117975829602908,0.08239061110090301,0.009892315100276406,0.050869492249503975,0.007518754842466679,0.13919854429553397,0.044499484553040335,0.1478794664613054,0.06523533564129036,0.09080172838139512,0.07182594809475379,0.04009654084268708,0.1469150124804571,0.09561046193125536,0.007621619274630771,0.03406921650050572,0.07853044757102282,0.04636334143264877,0.05351133216477826,0.08167418541969827,0.030643466570792404,0.02409365422234862,0.0690728255747286,0.07574365068290577,0.039502501888051454,0.0210280434891444,0.029954543039285454,0.10330902232744689,0.03947255651944337,0.08526502109953744,0.04620173455200625,0.08480990871090674,0.03161599078618416,0.054887270032219666,0.02761104140898948,0.059693377747196665,0.04195105054602773,0.03143579727775954,0.023528466737324165,0.06944924296931167,0.04745948457038216,0.15150576935482105,0.0713859030756818,0.0,0.08501555223088894,0.06305237337287695,0.05698592798034385,0.0,0.0,0.0,0.0,0.0,0.0,0.0,0.0,0.0,0.13486589783305314,0.0,0.0,0.0
0.0,0.0,0.0,0.0,0.07205352688789722,0.03885223557929843,0.0,0.0,0.0361872070429612,0.007014943075942971,0.05910523100191726,0.0,0.026204926337431204,0.0,0.012494205630573263,0.0,0.029287154648622714,0.05298400807019556,0.02691925115267598,0.0,0.06061539320495617,0.10543325816424319,0.07640817532368267,0.07546561572546104,0.17705070976748966,1.0,0.02299298525493303,0.029800925264559065,0.015623310194862117,0.09210843359051182,0.0,0.07476356470233446,0.087069365581202,0.007644328435978075,0.03785677098465206,0.07826472584939369,0.0,0.021322335241311052,0.0,0.04214746234752116,0.02498269916340412,0.04831390759692536,0.0,0.020262118685320463,0.0,0.09765184336474275,0.017724844451500885,0.04373905028057365,0.009536985226476733,0.1408224565551172,0.022927026663301306,0.019958963545444387,0.024159599107905095,0.04509255260708629,0.0,0.05537558648909796,0.043385516591371506,0.030863800895100872,0.016040308103843635,0.02962543031199744,0.03259785464207016,0.009596881349273946,0.061307267912256116,0.024657145088904778,0.05243177515483428,0.00837580038753539,0.0,0.0872373401009892,0.015060822474021306,0.10075990487693956,0.0232270175979251,0.056700269455684876,0.0,0.08220677117693571,0.011722035297946869,0.01763436018537059,0.02846084367443647,0.02250234010790324,0.0,0.05073961622962814,0.02560571392710918,0.06928820799691487,0.03195122705733265,0.0,0.10297161109835663,0.0754994637511123,0.05740413155470263,0.0,0.0,0.0,0.0,0.0,0.0,0.0,0.0,0.0,0.06713256260519715,0.0,0.0,0.0
0.0,0.0,0.1358371929042269,0.03549995570166374,0.06441648427285496,0.035039271148674896,0.0,0.0,0.049486296828643334,0.009044081499770536,0.051214593895835527,0.02783589738813824,0.008108472150505006,0.013013798715905547,0.035099004769559336,0.0019440549016612877,0.019333379387635158,0.03009589022891704,0.01735370295592415,0.0,0.2505000731268226,0.08099168138902085,0.038568977972714164,0.10537021954437956,0.09896905566225578,0.02299298525493303,1.0,0.07972714969861773,0.06692209389711437,0.08799544679532759,0.0,0.03602956977972227,0.046242005317757455,0.0,0.01989796326548936,0.05566526418732001,0.0,0.03163353281862144,0.039680433905179224,0.05907103007695772,0.02944184149415849,0.08882005131203383,0.03710335654211575,0.028972248531171335,0.0362552057631626,0.06532049500342035,0.025344269599865635,0.09014831582152848,0.051213209801185454,0.035892016088973196,0.032782727457380485,0.02853877530004497,0.06566596662201582,0.08269519595020683,0.03491215704903662,0.023572319568757254,0.1056664877171952,0.05895032372802442,0.07864014948166623,0.042360591366189186,0.05399993729587993,0.03786725654156946,0.06741886442876344,0.07074724335281449,0.018869861923732304,0.0358669246167666,0.0,0.03352018996585272,0.05258756082323673,0.03106707927314957,0.03803163498965501,0.04065243461581073,0.0,0.029021174315811006,0.05595300543169301,0.07220683921248962,0.04201971781016836,0.01565182695686238,0.0,0.08501024215393499,0.010456647083642866,0.0632831943407366,0.021757649533141018,0.0,0.054505772418993466,0.011943316960325651,0.03896855455889836,0.0,0.0,0.0,0.0,0.0,0.0,0.0,0.0,0.0,0.09599101251644007,0.0,0.0,0.0
0.0,0.06640350446806156,0.0,0.0870747982623774,0.09437438327522908,0.039640708324787555,0.0,0.0,0.07401830132796887,0.03589887867155103,0.01973639041790727,0.02675956006386895,0.0,0.031920431319342586,0.04814221739039199,0.034949012810526106,0.025286734905389317,0.05650302735047628,0.01773558767099978,0.0,0.14443298564854998,0.14630937686306789,0.057197649762540784,0.13964147711246785,0.16431259243528556,0.029800925264559065,0.07972714969861773,1.0000000000000002,0.07981096531500799,0.06631497415821903,0.0,0.021223169649647197,0.09578207443056569,0.0,0.013821688287494666,0.03977487605361841,0.0,0.092950259400692,0.009147405474626186,0.09363167523561755,0.06958780595138989,0.06869766144154799,0.03991970226206523,0.04862007115000016,0.1058846569652894,0.10821507150801025,0.025901994322913322,0.09744345999402881,0.03669592771975025,0.04197836677948691,0.06349307206934134,0.029166798154979492,0.19090983563249214,0.11327987134747916,0.07949571820761832,0.05452445387341421,0.054932941985460795,0.03753938467969819,0.02775319934019785,0.04329277641081045,0.04490784200778273,0.056858510221648076,0.04961498599078686,0.06567852241304067,0.007353746444071377,0.03415124852280923,0.0,0.05635291461305877,0.052436431050480264,0.040062509436188415,0.04874223226107532,0.05350111431337261,0.0,0.01579831591466231,0.0572504755572367,0.06512119790239308,0.0730760349885517,0.03236996788198855,0.0,0.06997649922763068,0.042513488558126276,0.0775375048835834,0.0384962999046387,0.0,0.047046482011271,0.013502760820052138,0.014951795480870203,0.0,0.0,0.0,0.0,0.0,0.0,0.0,0.0682926439936963,0.0,0.09810338591350505,0.0,0.0,0.0
0.0,0.0,0.0,0.045734559702365396,0.03858638635236332,0.038983114591254066,0.0,0.0,0.006707771808893672,0.02047565892543824,0.008016738234218085,0.01765838390650384,0.011900913817064956,0.01676566470473806,0.03601542279561403,0.013976017254940666,0.013498221024586806,0.014558522038987274,0.0074522530916626105,0.0,0.041595281617053934,0.0398093711582669,0.022293171240851315,0.054954787610947894,0.04943534914519976,0.015623310194862117,0.06692209389711437,0.07981096531500799,1.0,0.034268707548753025,0.07663242786942275,0.03575642090171337,0.10093094904756093,0.017220414705862233,0.022311805299618067,0.014079560299501932,0.0,0.1482521915081339,0.025845128845747717,0.022856838930152813,0.04094148294868523,0.05855878719020881,0.019346085195401878,0.07678563291527127,0.1017490735697145,0.08738005592861466,0.03981824810417835,0.05986426973628129,0.039476095099359725,0.061147630181900024,0.014077985699530275,0.02799188302978703,0.05293148396313872,0.06026458081657267,0.03285635975810154,0.038572807066660504,0.037835523608334455,0.06938102166900183,0.029273986468155218,0.034311524941831525,0.03986349884703304,0.0215590609913304,0.038437612470795565,0.05739462326816192,0.0,0.06008738387309477,0.03662237887957313,0.058014107036895,0.06586524867955958,0.04222208084899991,0.036350996716291814,0.053670780578515334,0.038653662374558764,0.039599056052664464,0.054063680279893576,0.05613197338318163,0.061444657342613826,0.05256908788288635,0.0287658677409847,0.050874697367362075,0.04708590705243228,0.027495317445833542,0.017128220261797725,0.0,0.011864013143402685,0.014816925313136164,0.009162599871960775,0.0,0.0,0.0,0.060426686727311156,0.0,0.0,0.0,0.0358695519977058,0.0,0.04122171052566399,0.09054712366867634,0.0,0.0
