0,1,2,3,4,5,6,7,8,9,10,11,12,13,14,15,16,17,18,19,20,21,22,23,24,25,26,27,28,29,30,31,32,33,34,35,36,37,38,39,40,41,42,43,44,45,46,47,48,49,50,51,52,53,54,55,56,57,58,59,60,61,62,63,64,65,66,67,68,69,70,71,72,73,74,75,76,77,78,79,80,81,82,83,84,85,86,87,88,89,90,91,92,93,94,95,96,97,98,99
1.0000000000000002,0.1544305850147134,0.02635797279322146,0.048101801918619375,0.0,0.0,0.07666740122081077,0.09479816286353333,0.027449777042914694,0.10925985295539101,0.03608142071808536,0.045532802363664776,0.0451531195508959,0.08011529890371784,0.09235126881758318,0.025880102528710213,0.033663623835451545,0.09598930296456627,0.10021141475082893,0.20776255344891217,0.08702557992195908,0.050364134219445314,0.21304937159592519,0.05003655512642771,0.03692715516473769,0.16931259740579313,0.14949354410968557,0.16931259740579313,0.049919704485116234,0.1256685424545313,0.04734462665400441,0.16931259740579313,0.11646757465054217,0.13378507848091323,0.08453022291645845,0.0837380868233149,0.34989331088319603,0.06793560810363349,0.13404707918673614,0.20606987260442816,0.07808974769972019,0.0,0.06281787676826703,0.13861945754235402,0.16931259740579313,0.12784202629718106,0.07568535538179032,0.04100784836002796,0.16931259740579313,0.0,0.15706711290331804,0.13728142517551026,0.024497513911174967,0.0930229677406039,0.13313137893137564,0.0726036595818545,0.14722320714413933,0.039096636107460225,0.02046038752591971,0.07868854318681734,0.07201746165159213,0.0228822688226407,0.09195317499627277,0.0876141757684728,0.04357237070983447,0.027039667041222987,0.08565354344265302,0.13862513129991205,0.06777811114075494,0.028696904639292354,0.156555583617573,0.09408702495411922,0.06168317550219464,0.10017722865175784,0.16931259740579313,0.096784412844889,0.14548328154297224,0.1070755268677086,0.051367442257758154,0.1651498500928442,0.04589084238555537,0.04428417694763679,0.07824298947916702,0.0712865959529502,0.028402314012866397,0.029745764133393506,0.07766547070423312,0.07742644195847248,0.16931259740579313,0.08877352444582601,0.02193128181417621,0.09681731482839762,0.09652524429083859,0.21090538758379707,0.026840708345941943,0.029607168034243167,0.07732729270855992,0.08519323591333397,0.028325123081584237,0.02664607782788194
0.1544305850147134,1.0,0.025544462956519198,0.10592988121526449,0.0,0.0,0.022471122474417012,0.0,0.0,0.0,0.0,0.0,0.04375951818403002,0.05324937446435954,0.08950094849118995,0.0250813416320686,0.03262463311548891,0.0,0.0,0.0,0.0,0.0,0.0,0.0,0.0,0.0,0.07985662540767076,0.0,0.0,0.0,0.0,0.0,0.03909714377016394,0.0,0.0,0.0,0.0,0.0,0.0,0.09414503502353572,0.0,0.0,0.06087907210097948,0.0,0.0,0.0,0.07334941014122054,0.0,0.0,0.0,0.10084950045348569,0.06007109221010918,0.02374142509137709,0.0,0.0,0.0,0.0,0.0,0.01982890017119581,0.0,0.0,0.0,0.0,0.0,0.0,0.02620511746141441,0.0,0.0,0.0,0.02781120624396755,0.0,0.02757679310021595,0.03075873314485327,0.029361824430411042,0.0,0.02836739422519636,0.0777144189499694,0.0,0.0,0.0,0.0,0.0,0.0,0.0,0.02752570783317888,0.028827693843520373,0.07526841138234726,0.0,0.0,0.04426751908484542,0.021254396925217293,0.0,0.09354609880280315,0.0,0.026012299407410233,0.0286933753605157,0.0,0.0825638403987511,0.0,0.02582367594619813
0.02635797279322146,0.025544462956519198,0.9999999999999999,0.0,0.0,0.04109334382847343,0.02351961000619808,0.0,0.0,0.0,0.0,0.0,0.11727831953821619,0.0,0.030617367845625115,0.026251620242382995,0.08743611232748288,0.0,0.0,0.0,0.0,0.0,0.0,0.0,0.0,0.0,0.0,0.0,0.0,0.0,0.0,0.0,0.040921390325623655,0.0,0.0,0.0,0.0,0.0,0.0,0.0,0.0,0.0,0.020826113868497177,0.0,0.0,0.0,0.025092090189127298,0.0,0.0,0.0,0.03449959251254027,0.0,0.06362854422778567,0.0,0.0,0.0,0.0,0.0,0.05314272612849701,0.0,0.0,0.038391836157585985,0.0,0.0,0.0,0.0702313980298312,0.0,0.0,0.0,0.029108858509616028,0.0,0.073907576848657,0.03219391504252998,0.07869157547149255,0.0,0.07602643864628446,0.0,0.0,0.0,0.0,0.0,0.0,0.0,0.0,0.07377066505163783,0.07726007118981698,0.025748561074478545,0.0,0.0,0.04633301189127653,0.056963148993203816,0.0,0.03200117279037046,0.0,0.18645613711623416,0.07690008902768569,0.0,0.02824425343922338,0.0,0.06920911026791972
0.048101801918619375,0.10592988121526449,0.0,1.0,0.0,0.0,0.0,0.08145084591456515,0.026928332464592544,0.05870194652161954,0.1839834813883459,0.054804873666102476,0.0,0.0246919622127108,0.0,0.0,0.0,0.0,0.019529848966679093,0.13690669131454825,0.33217280649931447,0.17178108358209906,0.024534268934177064,0.03561239440888339,0.026282073392180808,0.039165548319341624,0.024820438319806584,0.039165548319341624,0.0355292285891182,0.0675178289103837,0.11803421485895124,0.039165548319341624,0.11942727091991243,0.10955064773888143,0.0,0.06810181129740481,0.14786597074610688,0.170508793031656,0.028999204456841562,0.09359005386806427,0.1321575792871531,0.0,0.0,0.12137176772090098,0.039165548319341624,0.0,0.0,0.029186415131238073,0.039165548319341624,0.03709050955190332,0.0,0.027855221847179725,0.0,0.03441261218836728,0.1151886512109081,0.05904649738149746,0.019312552119617212,0.027826152731767164,0.0,0.06399516065710117,0.058569759228715344,0.022447590063734136,0.0,0.0,0.031011656320623405,0.0,0.046019005065023245,0.029989601786268787,0.05512201568136446,0.0,0.058609121261153405,0.0,0.029376032377552406,0.0,0.039165548319341624,0.0,0.02415461375008265,0.0,0.02470274704764003,0.06182652427138559,0.0,0.03151826842489937,0.16710477176359534,0.0579753668825219,0.0,0.0,0.0,0.0,0.039165548319341624,0.09294329317340758,0.0,0.07873877652204944,0.0,0.13897768541629968,0.0,0.0,0.02860620554459595,0.0,0.02778705015523192,0.0
0.0,0.0,0.0,0.0,1.0,0.10044499395272145,0.0,0.0,0.0,0.0,0.0,0.0,0.0,0.0,0.0,0.0,0.0,0.0,0.0,0.0,0.0,0.0,0.0,0.0,0.0,0.0,0.0,0.0,0.0,0.0,0.0,0.0,0.0,0.0,0.08935156318956619,0.0,0.0,0.0,0.0,0.11144470624397496,0.0,0.0,0.0,0.12212446195409161,0.0,0.0,0.0,0.0,0.0,0.0,0.0,0.0,0.0,0.0,0.0,0.0,0.0,0.0,0.0,0.0,0.0,0.0,0.0,0.0,0.0,0.0,0.0,0.0,0.0,0.0,0.0,0.0,0.0,0.0,0.0,0.0,0.0,0.0,0.0,0.0,0.0,0.10016624505428226,0.0,0.0,0.10989784227189932,0.0,0.0,0.0,0.0,0.0,0.0,0.0,0.0,0.0,0.0,0.25535766601760745,0.0,0.10773961523103777,0.2589315741297823,0.0
0.0,0.0,0.04109334382847343,0.0,0.10044499395272145,1.0,0.0,0.0,0.0,0.0,0.0,0.0,0.07039587912126202,0.0,0.0,0.0,0.052483204214337886,0.0,0.0,0.0,0.0,0.0,0.0,0.0,0.0,0.0,0.0,0.0,0.0,0.0,0.0,0.0,0.0,0.0,0.0,0.0,0.0,0.0,0.0,0.0,0.0,0.09217264026809512,0.0,0.0,0.0,0.0915228694419287,0.0,0.0,0.0,0.0,0.0,0.0,0.03819279919560487,0.0,0.0,0.0,0.0,0.0,0.031898725522725116,0.0,0.0,0.11225989008101814,0.0,0.0,0.0,0.042156137858150235,0.0,0.0,0.0,0.0,0.0,0.0443627506470884,0.0,0.14023700281489793,0.0,0.04563458963291083,0.0,0.0,0.0,0.0,0.0,0.0,0.0,0.0,0.13998087952310834,0.04637507302111518,0.0,0.0,0.0,0.0,0.03419192026865059,0.0,0.0,0.0,0.041845951709276484,0.04615899505486373,0.0,0.09382090065654894,0.0,0.041542513396288686
0.07666740122081077,0.022471122474417012,0.02351961000619808,0.0,0.0,0.0,1.0,0.0,0.0,0.0,0.0,0.04062959479031327,0.040290798185868906,0.0,0.02693368906891555,0.02309319928246618,0.03003855077234133,0.0,0.043427434243671244,0.0,0.0,0.0,0.0,0.0,0.0,0.0,0.0,0.0,0.0,0.0,0.0,0.0,0.035997999856005373,0.0,0.0,0.0,0.0,0.0,0.0,0.0,0.0,0.0,0.018320453876902513,0.0,0.0,0.0,0.022073176200210452,0.0,0.0,0.0,0.03034883019409584,0.0,0.02185949495556133,0.0,0.0,0.0,0.0858884867653704,0.0,0.01825710721232204,0.0,0.0,0.0,0.0,0.0,0.0,0.024127895893062173,0.0,0.0,0.0,0.02560667357828021,0.0,0.08395524765597318,0.028320556555957666,0.08938962673172679,0.0,0.08636216687256262,0.0,0.0,0.04583593049420975,0.0,0.09884135240301951,0.0,0.0,0.0,0.025343805993607613,0.026542586459216994,0.0226506648595229,0.0,0.0,0.04075853098143846,0.01956960799876469,0.0,0.028151003774141738,0.0,0.02395036209875021,0.026418915104596173,0.0,0.024846092059621315,0.0,0.023776690401158474
0.09479816286353333,0.0,0.0,0.08145084591456515,0.0,0.0,0.0,1.0000000000000002,0.029064930411993917,0.11568873648803708,0.08398897383611817,0.0,0.0,0.026651117903110824,0.0,0.0,0.0,0.0474974865627595,0.021079422646004833,0.11277200186369128,0.13378887353288624,0.09201724068758761,0.07022247599073213,0.09141874088780778,0.06746735504071542,0.11210041692693612,0.07104155573855611,0.11210041692693612,0.09120525020137588,0.13306291835111453,0.08650048240883826,0.11210041692693612,0.12890309205539296,0.08283987274606588,0.041827297450046576,0.12873484230655985,0.12179931724626028,0.07193296029113884,0.08300210388107879,0.1531854007484433,0.08268457260086837,0.0,0.0,0.0917787525723229,0.11210041692693612,0.0,0.0,0.07492294092028463,0.11210041692693612,0.04003341389552981,0.056124759051070484,0.07972777394052422,0.0,0.09849646792652857,0.08243510124155477,0.11161731801766989,0.02084488462747347,0.07143108147357362,0.0,0.12097192069675286,0.11071612596784453,0.024228668595698392,0.049624479917414796,0.043353300917358006,0.07960842343612887,0.0,0.09069342442415208,0.08583683895607039,0.10419875567436765,0.0,0.11550579814043824,0.0,0.031706840293831764,0.0,0.11210041692693612,0.0,0.06913581931792259,0.052983178766042055,0.026662758448515372,0.1218465979108425,0.0,0.08090892123921617,0.12028694820132804,0.10959252876099088,0.0,0.0,0.0,0.04178482052632593,0.11210041692693612,0.10031777318178309,0.0,0.1488422082448161,0.0,0.1144779093577656,0.0,0.0,0.2221981817945996,0.0,0.029991782082248623,0.0
0.027449777042914694,0.0,0.0,0.026928332464592544,0.0,0.0,0.0,0.029064930411993917,1.0000000000000002,0.13397708125264848,0.04039817446070957,0.0,0.0,0.0,0.0,0.0,0.0,0.0,0.0,0.032654285846211044,0.03674361203349255,0.0,0.02800145463546071,0.1541368659833843,0.0,0.0,0.11329675005834314,0.0,0.1537769093158161,0.27958035959835414,0.0,0.0,0.04261644283255853,0.0,0.0,0.03535557910009884,0.035268237288543426,0.0,0.03309737535857561,0.0333966869513337,0.03297075866480757,0.0,0.0,0.0,0.0,0.0,0.0,0.0,0.0,0.0,0.0,0.0,0.0,0.03927580649195286,0.03287128109936844,0.030654443237031297,0.0,0.0,0.0,0.14142520926817956,0.09902847838662156,0.0,0.0,0.0,0.0,0.0,0.026261208070932636,0.034227735752253595,0.12181612676607614,0.0,0.03344588450182509,0.0,0.0,0.0,0.0,0.0,0.08268934374312133,0.0,0.0,0.035281927888255696,0.0,0.0,0.03303545983079079,0.03009835760051752,0.0,0.0,0.0,0.0,0.0,0.04825222546968163,0.0,0.04087784140443869,0.0,0.033148248798168106,0.0,0.0,0.0979286354125776,0.0,0.031713919271957984,0.0
0.10925985295539101,0.0,0.0,0.05870194652161954,0.0,0.0,0.0,0.11568873648803708,0.13397708125264848,1.0,0.0440326462821602,0.0,0.0,0.030716810697929857,0.0,0.0,0.0,0.05474334355053278,0.024295139790868142,0.12997564476907988,0.10620331743984687,0.06146282666415347,0.08093508533446801,0.061063059303411917,0.04506475435875306,0.12920160791835997,0.1744921152221639,0.12920160791835997,0.060920458406487334,0.2793273020425779,0.057777913322902386,0.12920160791835997,0.09290096783333666,0.09547729662343699,0.18084418109493777,0.10219136286913663,0.14038009904844487,0.08290650817115292,0.09566427651229636,0.13293066460231234,0.09529830506373073,0.0,0.0,0.10577982428748786,0.12920160791835997,0.0,0.0,0.05004470571538493,0.12920160791835997,0.0,0.06468672742006924,0.09189043958312054,0.0,0.11352234344213942,0.09501077624237138,0.08860325335126698,0.024024822427713383,0.04771232158492125,0.0,0.0960290564962952,0.08788787558617694,0.027924810862439517,0.057194814909753894,0.049966952315101065,0.0531743692171085,0.0,0.10452892669310941,0.09893145731101008,0.08271430376459334,0.0,0.1331264883106088,0.0,0.036543795824093506,0.0,0.12920160791835997,0.0,0.1698112495564958,0.061065891428934205,0.0,0.1404345924932949,0.0,0.05404303546324871,0.09548531657646335,0.08699594976541973,0.0,0.0,0.0,0.04815919642921668,0.12920160791835997,0.0525932967218592,0.0,0.11815284689415069,0.0,0.13194179259650532,0.0,0.0,0.20110673508828825,0.0,0.03456710131496823,0.0
0.03608142071808536,0.0,0.0,0.1839834813883459,0.0,0.0,0.0,0.08398897383611817,0.04039817446070957,0.0440326462821602,1.0,0.08221886188353907,0.0,0.0,0.0,0.0,0.0,0.0,0.0,0.04292249893409898,0.10617807185431938,0.05377586747771949,0.0368065745612759,0.05342609774241876,0.03942864963816684,0.0,0.037235888956483124,0.0,0.05330133148366657,0.05064548714846114,0.36878172451188207,0.0,0.37772885100728704,0.0,0.0,0.10216707096513894,0.046358413243347815,0.11308868992696636,0.043504918932862645,0.09650645732876433,0.04333848733705641,0.0,0.0,0.0,0.0,0.0,0.0,0.04378577440340178,0.0,0.05564358200362398,0.0,0.0,0.0,0.05162617153001781,0.17280725546710904,0.08858219147613523,0.0,0.0417450940976894,0.0,0.09600622943385176,0.047898512334454725,0.0,0.0,0.0,0.046524020898932684,0.0,0.03451910357927944,0.044990723675961034,0.08269464175138722,0.0,0.04396301755428404,0.0,0.0,0.0,0.0,0.0,0.0,0.0,0.03705932724209777,0.04637640888270507,0.0,0.22659734785085517,0.09546261876641032,0.08697526996234681,0.0,0.0,0.0,0.0,0.0,0.13943452969132858,0.0,0.11812476078654607,0.0,0.0435717896391144,0.0,0.0,0.0,0.0,0.04168643199112149,0.0
0.045532802363664776,0.0,0.0,0.054804873666102476,0.0,0.0,0.04062959479031327,0.0,0.0,0.0,0.08221886188353907,1.0,0.0,0.0,0.0,0.0,0.0,0.0,0.44090486712949656,0.10069555456676507,0.0,0.0,0.0,0.0,0.0,0.0,0.0,0.0,0.0,0.0,0.06531263036268582,0.0,0.0,0.0,0.0,0.0,0.0,0.05837704511165041,0.0,0.0,0.0,0.05261473062208077,0.0,0.0,0.0,0.05224382319352719,0.0,0.0,0.0,0.0,0.0,0.0,0.0,0.0,0.06690003587346485,0.0,0.1327114336280666,0.0,0.0,0.0,0.0,0.0,0.0,0.0,0.0,0.0,0.0,0.0,0.047468984541364084,0.0,0.0,0.14255386447338794,0.0,0.05308853753389867,0.0,0.05129052782917124,0.0,0.05626131275031539,0.07804836173933635,0.0,0.045267016720988616,0.0,0.0,0.04992618213083135,0.0,0.0,0.0,0.0,0.0,0.0,0.0,0.0,0.0,0.0,0.0,0.0,0.054156836188387195,0.0,0.0,0.0
0.0451531195508959,0.04375951818403002,0.11727831953821619,0.0,0.0,0.07039587912126202,0.040290798185868906,0.0,0.0,0.0,0.0,0.0,1.0000000000000002,0.0,0.052449772276219955,0.044970929915895325,0.14978440352604494,0.0,0.0,0.0,0.0,0.0,0.0,0.0,0.0,0.0,0.0,0.0,0.0,0.0,0.0,0.0,0.07010131029640278,0.0,0.0,0.0,0.0,0.0,0.0,0.0,0.0,0.0,0.03567664390057568,0.0,0.0,0.0,0.04298457081581401,0.0,0.0,0.0,0.05910030476913374,0.0,0.10900031223590673,0.0,0.0,0.0,0.0,0.0,0.09103734513139966,0.0,0.0,0.0657680004984184,0.0,0.0,0.0,0.12031147980709116,0.0,0.0,0.0,0.04986558634785532,0.0,0.12660904081449917,0.055150511996149496,0.13480437751367688,0.0,0.1302388047880284,0.0,0.0,0.0,0.0,0.0,0.0,0.0,0.0,0.1263745009738509,0.1323521068297668,0.044109153066523764,0.0,0.0,0.07937181062793705,0.09758200665367901,0.0,0.05482033053558944,0.0,0.11942622426702634,0.13173543127089818,0.0,0.04838445513894118,0.0,0.1185602267084129
0.08011529890371784,0.05324937446435954,0.0,0.0246919622127108,0.0,0.0,0.0,0.026651117903110824,0.0,0.030716810697929857,0.0,0.0,0.0,1.0,0.06382423025686082,0.09987699992534264,0.0,0.0,0.020438663765526256,0.029942381068634078,0.0,0.0,0.0,0.0,0.0,0.0409881036283105,0.0,0.0409881036283105,0.0,0.03532987391843397,0.0,0.0409881036283105,0.03907719118684045,0.03028935468531629,0.0,0.0,0.03233924653829504,0.026301379705180077,0.0,0.030623126527286854,0.0,0.0,0.0434136171861846,0.03355774335579232,0.0409881036283105,0.0,0.05230636904947442,0.0,0.0409881036283105,0.0,0.07191702263207025,0.09278776824584403,0.0,0.0,0.0,0.0,0.02021125508448708,0.0,0.07896112935146889,0.0,0.027881675857118912,0.023492180940150174,0.0,0.0,0.0,0.0,0.024080241812233442,0.0,0.0,0.0,0.030668238271925646,0.0,0.030743035932043937,0.0,0.0409881036283105,0.0,0.02527864038612914,0.0,0.0,0.032351800147814275,0.0,0.0,0.0,0.0,0.0,0.0,0.053674832503120724,0.0,0.0409881036283105,0.0,0.0,0.0,0.06670887683619209,0.030395320906637054,0.0,0.0,0.029937385472415604,0.058877292915161784,0.0,0.11730019546556691
0.09235126881758318,0.08950094849118995,0.030617367845625115,0.0,0.0,0.0,0.02693368906891555,0.0,0.0,0.0,0.0,0.0,0.052449772276219955,0.06382423025686082,1.0000000000000002,0.030062274713622578,0.03910359730896447,0.0,0.0,0.0,0.0,0.0,0.0,0.0,0.0,0.0,0.0,0.0,0.0,0.0,0.0,0.0,0.046861491453626364,0.0,0.0,0.0,0.0,0.0,0.0,0.0,0.0,0.0,0.07296911850481172,0.0,0.0,0.0,0.08791595561731054,0.0,0.0,0.0,0.1208773211512707,0.07200068093880171,0.028456262573981192,0.0,0.0,0.0,0.0,0.0,0.02376674473638683,0.0,0.0,0.0,0.0,0.0,0.0,0.031409222504291325,0.0,0.0,0.0,0.03333426634380614,0.0,0.03305330081862329,0.03686714607249356,0.03519282361640443,0.0,0.034000908349221724,0.0,0.0,0.0,0.0,0.0,0.0,0.0,0.0,0.03299207046842849,0.03455261940916517,0.09021605356792309,0.0,0.0,0.053058657672348616,0.02547533256439915,0.0,0.11212352839219351,0.0,0.031178112486563707,0.03439162646092348,0.0,0.09896029039791984,0.0,0.030952030070735426
0.025880102528710213,0.0250813416320686,0.026251620242382995,0.0,0.0,0.0,0.02309319928246618,0.0,0.0,0.0,0.0,0.0,0.044970929915895325,0.09987699992534264,0.030062274713622578,1.0000000000000002,0.03352779350079517,0.0,0.0,0.0,0.0,0.0,0.0,0.13711107043707668,0.0,0.0,0.0,0.0,0.0,0.0,0.0,0.0,0.040179485180926684,0.0,0.0,0.0,0.0,0.0,0.0,0.0,0.0,0.0,0.020448536251995518,0.0,0.0,0.0,0.024637170386687026,0.0,0.0,0.0,0.033874114615251534,0.0,0.024398668179976536,0.0,0.0,0.0,0.0,0.0,0.09697861365844043,0.0,0.0,0.0,0.0,0.0,0.0,0.026930563902441522,0.0,0.0,0.0,0.028581114664338672,0.0,0.028340212170515848,0.1671507039633893,0.030174659216077176,0.0,0.02915269981339619,0.0,0.0,0.0,0.0,0.0,0.0,0.0,0.0,0.02828771269019714,0.029625742084769216,0.02528173944946308,0.0,0.0,0.04549299400288334,0.02184279064748471,0.0,0.03142099126328666,0.0,0.026732407991385224,0.029487705211049316,0.0,0.027732184891015626,0.0,0.026538562793661846
0.033663623835451545,0.03262463311548891,0.08743611232748288,0.0,0.0,0.052483204214337886,0.03003855077234133,0.0,0.0,0.0,0.0,0.0,0.14978440352604494,0.0,0.03910359730896447,0.03352779350079517,1.0,0.0,0.0,0.0,0.0,0.0,0.0,0.0,0.0,0.0,0.0,0.0,0.0,0.0,0.0,0.0,0.052263590282624145,0.0,0.0,0.0,0.0,0.0,0.0,0.0,0.0,0.0,0.026598497112178085,0.0,0.0,0.0,0.03204687598695893,0.0,0.0,0.0,0.04406185991349044,0.0,0.0812644961312208,0.0,0.0,0.0,0.0,0.0,0.06787231916561584,0.0,0.0,0.04903291846077152,0.0,0.0,0.0,0.08969746585830485,0.0,0.0,0.0,0.03717697376935992,0.0,0.09439257279538432,0.04111711679363022,0.10050255444427166,0.0,0.09709872045985811,0.0,0.0,0.0,0.0,0.0,0.0,0.0,0.0,0.09421771309469164,0.09867427948415948,0.03288530119957898,0.0,0.0,0.05917515340453488,0.07275165033492802,0.0,0.04087095208571441,0.0,0.08903746916714819,0.0982145209060424,0.0,0.03607272572705951,0.0,0.08839183014274543
0.09598930296456627,0.0,0.0,0.0,0.0,0.0,0.0,0.0474974865627595,0.0,0.05474334355053278,0.0,0.0,0.0,0.0,0.0,0.0,0.0,1.0000000000000002,0.0,0.11418898347637269,0.06004587639087812,0.05578783037911492,0.09791846790775954,0.05542497440709755,0.1294260726688019,0.07304878948779218,0.046293312659250935,0.07304878948779218,0.05529554016071951,0.06296472132258785,0.052443153090405904,0.07304878948779218,0.0,0.11551221039313805,0.09363325332715494,0.05777757315849434,0.12332972718953422,0.04687418492801793,0.11573842605932302,0.05457638009885184,0.053880334287655755,0.0,0.0,0.059806439261305064,0.07304878948779218,0.0,0.0,0.04542396933805371,0.07304878948779218,0.0,0.058714061375826056,0.05195357461255088,0.0,0.06418395174699117,0.11494779558128099,0.05009504530377037,0.0,0.04330693930036533,0.0,0.054293490969103825,0.0496905806797749,0.0,0.051913893420250976,0.09704931599301406,0.048264664210938404,0.0,0.042915684289965735,0.24074207883738108,0.04676551523373465,0.0,0.05465677802034216,0.0,0.0,0.0,0.07304878948779218,0.0,0.045051464123568766,0.1186064532475126,0.0,0.057657213419273795,0.05083281129791765,0.04905312461580287,0.05398606799210029,0.04918629824421582,0.0,0.0,0.0,0.04371255321966114,0.07304878948779218,0.0,0.0,0.21137183518696748,0.0,0.26495636023685726,0.0,0.0,0.05335425588411194,0.0,0.0,0.0
0.10021141475082893,0.0,0.0,0.019529848966679093,0.0,0.0,0.043427434243671244,0.021079422646004833,0.0,0.024295139790868142,0.0,0.44090486712949656,0.0,0.020438663765526256,0.0,0.0,0.0,0.0,1.0,0.06131576310605702,0.0,0.0,0.0,0.0,0.0,0.08393510344014372,0.0,0.08393510344014372,0.0,0.027943793842501605,0.0,0.08393510344014372,0.030907695198406544,0.023957047933512863,0.0,0.0,0.06622404461506408,0.020802800880402504,0.0,0.02422104127704956,0.0,0.0,0.0,0.06871927243398368,0.08393510344014372,0.0,0.07550739657643184,0.0,0.08393510344014372,0.0,0.0,0.023057038097829836,0.0,0.0,0.0,0.0,0.1832386652954238,0.0,0.0,0.0,0.022052719574758118,0.01858089453185912,0.03661108883164988,0.0,0.0,0.0,0.019046015121144965,0.0,0.0,0.0,0.06280216755144274,0.05329459489059303,0.024315882365190573,0.05674432602009913,0.08393510344014372,0.05482250158093072,0.019993875924933922,0.0,0.04171146813983721,0.06624975179398358,0.0,0.0,0.0,0.0,0.0,0.0,0.16586643188573735,0.030827280782584395,0.08393510344014372,0.0,0.0,0.0,0.0,0.06224328960251789,0.0,0.0,0.02367866156998065,0.0,0.0,0.0
0.20776255344891217,0.0,0.0,0.13690669131454825,0.0,0.0,0.0,0.11277200186369128,0.032654285846211044,0.12997564476907988,0.04292249893409898,0.10069555456676507,0.0,0.029942381068634078,0.0,0.0,0.0,0.11418898347637269,0.06131576310605702,1.0000000000000004,0.10352572839703439,0.05991323108481167,0.13491050307979313,0.05952354262490485,0.04392858558929463,0.20141445755313714,0.07981478830890487,0.20141445755313714,0.059384536969713804,0.1494954403735747,0.05632122146657127,0.20141445755313714,0.09055875650196174,0.2568992545214461,0.10055724887829107,0.0996149228851083,0.3713027971085869,0.1656948456627713,0.1594625571555675,0.12957922794691284,0.0928956522691815,0.0,0.0,0.4121993901203954,0.20141445755313714,0.0,0.0,0.048782982834174676,0.20141445755313714,0.0,0.06305585112796588,0.08957370560438825,0.0,0.11066022773575168,0.15837323909512416,0.2027998285482639,0.06063353960187775,0.04650940257483204,0.0,0.0936079800585301,0.08567205391187846,0.027220772896485872,0.10938760107598039,0.10422592268239791,0.05183374152480653,0.0,0.10189355224796606,0.16490861313222555,0.08062891774480746,0.0,0.18623869950842392,0.0,0.03562245673940068,0.0,0.20141445755313714,0.0,0.07767370415887292,0.127377167982292,0.0,0.1964624486369967,0.05459179805499157,0.052680507031133764,0.09307794886349685,0.08480261524935917,0.0,0.0,0.0,0.09210658300846317,0.20141445755313714,0.05126731898008482,0.0,0.1151739873269807,0.0,0.4748859323232283,0.0,0.0,0.09198863494852007,0.0,0.03369559848479372,0.0
0.08702557992195908,0.0,0.0,0.33217280649931447,0.0,0.0,0.0,0.13378887353288624,0.03674361203349255,0.10620331743984687,0.10617807185431938,0.0,0.0,0.0,0.0,0.0,0.0,0.06004587639087812,0.0,0.10352572839703439,1.0000000000000002,0.11632733140217684,0.08877459458048287,0.11557071357672496,0.08529159655303925,0.08827504546430737,0.08981006750444748,0.08827504546430737,0.11530082065615632,0.12215297518248155,0.10935309740252222,0.08827504546430737,0.11200832190206389,0.06523341958382374,0.05287767657203106,0.1627453784975561,0.11181288642389837,0.05664461840691611,0.10493048012636831,0.1537283958232211,0.24543966417630836,0.0,0.0,0.07227246586656075,0.08827504546430737,0.0,0.0,0.09471687819514601,0.08827504546430737,0.05060986583152343,0.0709523932386498,0.06278275373368991,0.0,0.12451830962128319,0.10421368071507367,0.14110556506847208,0.0,0.09030250228002286,0.0,0.15293156591194407,0.10361350507846165,0.0,0.06273480141197571,0.05480683582236656,0.10064022118312194,0.0,0.08325739251911518,0.10851412558282683,0.1317270882331692,0.0,0.10603537836477565,0.0,0.0,0.0,0.08827504546430737,0.0,0.05444197051898119,0.06698083694971681,0.033706808799745074,0.11185629050610921,0.0,0.10228429829081494,0.293252754416843,0.13854584550808066,0.0,0.0,0.0,0.05282397764402938,0.08827504546430737,0.12682078661830423,0.0,0.18816492165757928,0.0,0.1050917670678338,0.0,0.0,0.06447539236322833,0.0,0.03791532920954263,0.0
0.050364134219445314,0.0,0.0,0.17178108358209906,0.0,0.0,0.0,0.09201724068758761,0.0,0.06146282666415347,0.05377586747771949,0.0,0.0,0.0,0.0,0.0,0.0,0.05578783037911492,0.0,0.05991323108481167,0.11632733140217684,1.0,0.05137633786224393,0.10737522296853458,0.07924329541449916,0.08201517837817034,0.05197559496998078,0.08201517837817034,0.10712446902208216,0.07069333916432441,0.10159851793335653,0.08201517837817034,0.05672870650044772,0.1627972922009898,0.04912795063959306,0.1119329303592732,0.06470924094233882,0.05262776652644195,0.16311610956049674,0.10573123478392221,0.06049388714943774,0.0,0.0,0.06714739311318592,0.08201517837817034,0.0,0.0,0.0880002000535847,0.08201517837817034,0.04702095764477363,0.06592093107648232,0.058330626956440285,0.0,0.07206222428128095,0.1620018334115186,0.09704951092268561,0.0,0.08389886171721975,0.0,0.10518319152892747,0.09626593854130018,0.0,0.058286075087921246,0.050920307009436436,0.0935034997596195,0.0,0.048183378902548354,0.16868694373754126,0.09059918708447122,0.0,0.061365635629917765,0.0,0.0,0.0,0.08201517837817034,0.0,0.05058131547696244,0.062231010603912465,0.03131655069368097,0.0647343600972367,0.0,0.09503099007747413,0.1045876186657097,0.18840114829833357,0.0,0.0,0.0,0.04907805967510123,0.08201517837817034,0.06423075589433612,0.0,0.255875498682393,0.0,0.06081954141195586,0.0,0.0,0.05990323514260662,0.0,0.0,0.0
0.21304937159592519,0.0,0.0,0.024534268934177064,0.0,0.0,0.0,0.07022247599073213,0.02800145463546071,0.08093508533446801,0.0368065745612759,0.0,0.0,0.0,0.0,0.0,0.0,0.09791846790775954,0.0,0.13491050307979313,0.08877459458048287,0.05137633786224393,0.9999999999999999,0.05104217518040076,0.03766930633153976,0.06727236502385534,0.0684421697230296,0.06727236502385534,0.050922976109067944,0.09308994962283498,0.04829614511667306,0.06727236502385534,0.03882762777259829,0.10637793776963547,0.0862290866195415,0.0854210304068228,0.27373176036632424,0.04316755008240488,0.27378497752613773,0.08068823886267623,0.07965917261512684,0.0,0.0,0.055077170216981074,0.06727236502385534,0.0,0.0,0.04183201210545233,0.06727236502385534,0.0,0.05407117348012601,0.04784528066975994,0.0,0.09489251614583835,0.135807014456807,0.20099141730959233,0.0,0.03988238886788123,0.0,0.08027000251883264,0.04576123581480834,0.0,0.047808737317410116,0.08937501985421123,0.04444807547556512,0.0,0.06344852807518478,0.1414111786540435,0.06914029579977748,0.0,0.0808071028599132,0.0,0.0,0.0,0.06727236502385534,0.0,0.041488963207067665,0.10922749949723573,0.0,0.08524308501414403,0.04681314311709107,0.045174187386998826,0.07981549420304826,0.07271929311382842,0.0,0.0,0.0,0.04025592835880168,0.06727236502385534,0.04396236112660569,0.0,0.09876312091191503,0.0,0.13695130074614417,0.0,0.0,0.04913520131653919,0.0,0.028894393122859543,0.0
0.05003655512642771,0.0,0.0,0.03561239440888339,0.0,0.0,0.0,0.09141874088780778,0.1541368659833843,0.061063059303411917,0.05342609774241876,0.0,0.0,0.0,0.0,0.13711107043707668,0.0,0.05542497440709755,0.0,0.05952354262490485,0.11557071357672496,0.10737522296853458,0.05104217518040076,1.0,0.07872788008488182,0.08148173412933772,0.0516375345918329,0.08148173412933772,0.10642770858042849,0.07023353457749418,0.10093769945861562,0.08148173412933772,0.05635973086904883,0.06021330403081843,0.048808411948781674,0.11120489465739598,0.06428835820929335,0.05228546428510575,0.0603312239687901,0.10504353623552198,0.06010042197838611,0.0,0.0,0.06671065211732818,0.08148173412933772,0.0,0.0,0.08742782794462883,0.08148173412933772,0.046715123286716766,0.06549216725183642,0.05795123209202582,0.0,0.07159351617308561,0.05991909028016662,0.0964182801617768,0.0,0.08335316558936048,0.0,0.10449905757098801,0.09563980430262857,0.11264212603470669,0.05790696999838146,0.05058911044972493,0.09289533301318507,0.0,0.047869983908192915,0.06239169025463916,0.09000991060839902,0.0,0.060966500420435,0.0,0.0,0.0,0.08148173412933772,0.0,0.05025232379062898,0.061826246810646926,0.13454890026031097,0.0643133139838392,0.0,0.09441288820755013,0.10390735844096119,0.09466920841120738,0.0,0.0,0.0,0.04875884548578582,0.08148173412933772,0.0638129853303069,0.0,0.12857422118111017,0.0,0.060423958115980475,0.0,0.0,0.05951361169844428,0.0,0.0,0.0
0.03692715516473769,0.0,0.0,0.026282073392180808,0.0,0.0,0.0,0.06746735504071542,0.0,0.04506475435875306,0.03942864963816684,0.0,0.0,0.0,0.0,0.0,0.0,0.1294260726688019,0.0,0.04392858558929463,0.08529159655303925,0.07924329541449916,0.03766930633153976,0.07872788008488182,1.0,0.06013380880604943,0.03810868368893762,0.06013380880604943,0.07854402643520975,0.05183259763902651,0.07449238023005494,0.06013380880604943,0.04159368129132049,0.044437631953467005,0.03602078114336754,0.08206960670486003,0.04744503639154307,0.03858685810080255,0.044524657285956296,0.07752250233496039,0.044354324598375315,0.0,0.0,0.049232697887635096,0.06013380880604943,0.0,0.0,0.06452204713273973,0.06013380880604943,0.03447592668579458,0.04833345173489318,0.04276821483898874,0.0,0.052836268880475906,0.04422050116189937,0.07115703275844752,0.1430405692513616,0.14750301032910845,0.0,0.0771206751492492,0.07058251481311467,0.0,0.04273554925687999,0.037334942953264345,0.06855708526676846,0.09268306128724593,0.03532821792077552,0.14569445494939615,0.06642763329734082,0.0,0.04499349356061832,0.0,0.0,0.0,0.06013380880604943,0.0,0.03708639320425732,0.04562798944614563,0.022961401890701803,0.04746345384167691,0.3791065481661364,0.0696770463830319,0.07668399909251161,0.06986621160250779,0.0,0.0,0.0870085385263818,0.035984200917862606,0.06013380880604943,0.04709420952068661,0.0,0.2138982307514444,0.0,0.04459309541551411,0.0,0.0,0.04392125653034139,0.0,0.0,0.0
0.16931259740579313,0.0,0.0,0.039165548319341624,0.0,0.0,0.0,0.11210041692693612,0.0,0.12920160791835997,0.0,0.0,0.0,0.0409881036283105,0.0,0.0,0.0,0.07304878948779218,0.08393510344014372,0.20141445755313714,0.08827504546430737,0.08201517837817034,0.06727236502385534,0.08148173412933772,0.06013380880604943,1.0000000000000004,0.06805703447621891,1.0000000000000004,0.08129144938922865,0.14860515835135946,0.07709807902896211,1.0000000000000004,0.06198290789642056,0.12740363466237462,0.06432831855711997,0.08494035234296701,0.21753753598477604,0.11062934175681217,0.07951510896273192,0.1288075518556194,0.07921091746439132,0.0,0.0,0.22573404096425242,1.0000000000000004,0.0,0.0,0.06677898965756697,1.0000000000000004,0.0,0.08631710866547618,0.12261738033687807,0.0,0.0943585404876409,0.07897192662691421,0.07364606310248901,0.08300120818235271,0.06366668729712317,0.0,0.07981831012864847,0.11727641217781312,0.03726249618446815,0.14974060741118966,0.066675236554433,0.07095517100633675,0.0,0.10128675114741524,0.08223075420338008,0.068751232083721,0.0,0.2062971064823219,0.0,0.0487635550754204,0.0,1.0000000000000004,0.0,0.10632747702866138,0.08148551327996431,0.0,0.21762198078714012,0.0,0.07211430769097993,0.0793663594052532,0.07231008979642001,0.0,0.0,0.0,0.12608463436981743,1.0000000000000004,0.0,0.0,0.09820736472969385,0.0,0.20446126373620122,0.0,0.0,0.12592317535650036,0.0,0.0,0.0
0.14949354410968557,0.07985662540767076,0.0,0.024820438319806584,0.0,0.0,0.0,0.07104155573855611,0.11329675005834314,0.1744921152221639,0.037235888956483124,0.0,0.0,0.0,0.0,0.0,0.0,0.046293312659250935,0.0,0.07981478830890487,0.08981006750444748,0.05197559496998078,0.0684421697230296,0.0516375345918329,0.03810868368893762,0.06805703447621891,1.0000000000000002,0.06805703447621891,0.15308944125182192,0.20069741260525387,0.14519241480883888,0.06805703447621891,0.03928051587026065,0.05029273066093211,0.040766876284874284,0.23451917639005251,0.08620390311000913,0.04367105932979089,0.08089780374515818,0.1818808614026702,0.08058832263578514,0.09521582913303789,0.0,0.05571959408563158,0.06805703447621891,0.0,0.0,0.042319943546816285,0.06805703447621891,0.10603595365208579,0.05470186333424756,0.04840335128565117,0.0,0.09599934892406985,0.08034517596694041,0.07492670056279574,0.0,0.04034757977087408,0.0,0.08120627730113501,0.046294997989418274,0.0,0.04836638168914795,0.04225419194605156,0.044966520858444985,0.0,0.06418859603266444,0.08366067156468658,0.0699467529240696,0.0,0.08174964241721422,0.0,0.0,0.0,0.06805703447621891,0.0,0.2009446171977874,0.051639929558303536,0.0,0.08623736616974353,0.0,0.04570110218872099,0.08074646756936632,0.07356749590681275,0.0,0.0,0.0,0.04072547625188508,0.06805703447621891,0.04447514110420261,0.0,0.09991510068804138,0.0,0.08102215044901026,0.0,0.0,0.139971302122805,0.0,0.02923141929430531,0.0
0.16931259740579313,0.0,0.0,0.039165548319341624,0.0,0.0,0.0,0.11210041692693612,0.0,0.12920160791835997,0.0,0.0,0.0,0.0409881036283105,0.0,0.0,0.0,0.07304878948779218,0.08393510344014372,0.20141445755313714,0.08827504546430737,0.08201517837817034,0.06727236502385534,0.08148173412933772,0.06013380880604943,1.0000000000000004,0.06805703447621891,1.0000000000000004,0.08129144938922865,0.14860515835135946,0.07709807902896211,1.0000000000000004,0.06198290789642056,0.12740363466237462,0.06432831855711997,0.08494035234296701,0.21753753598477604,0.11062934175681217,0.07951510896273192,0.1288075518556194,0.07921091746439132,0.0,0.0,0.22573404096425242,1.0000000000000004,0.0,0.0,0.06677898965756697,1.0000000000000004,0.0,0.08631710866547618,0.12261738033687807,0.0,0.0943585404876409,0.07897192662691421,0.07364606310248901,0.08300120818235271,0.06366668729712317,0.0,0.07981831012864847,0.11727641217781312,0.03726249618446815,0.14974060741118966,0.066675236554433,0.07095517100633675,0.0,0.10128675114741524,0.08223075420338008,0.068751232083721,0.0,0.2062971064823219,0.0,0.0487635550754204,0.0,1.0000000000000004,0.0,0.10632747702866138,0.08148551327996431,0.0,0.21762198078714012,0.0,0.07211430769097993,0.0793663594052532,0.07231008979642001,0.0,0.0,0.0,0.12608463436981743,1.0000000000000004,0.0,0.0,0.09820736472969385,0.0,0.20446126373620122,0.0,0.0,0.12592317535650036,0.0,0.0,0.0
0.049919704485116234,0.0,0.0,0.0355292285891182,0.0,0.0,0.0,0.09120525020137588,0.1537769093158161,0.060920458406487334,0.05330133148366657,0.0,0.0,0.0,0.0,0.0,0.0,0.05529554016071951,0.0,0.059384536969713804,0.11530082065615632,0.10712446902208216,0.050922976109067944,0.10642770858042849,0.07854402643520975,0.08129144938922865,0.15308944125182192,0.08129144938922865,1.0,0.07006951781942167,0.21576788506767053,0.08129144938922865,0.056228113680784154,0.060072687572037306,0.04869442939696131,0.11094519725766772,0.0641382252541641,0.05216336175391537,0.060190332130931806,0.10479822748987125,0.05996006913368046,0.11373156080913946,0.0,0.06655486236596499,0.08129144938922865,0.0,0.0,0.08722365725905731,0.08129144938922865,0.17326180293914178,0.06533922303485505,0.05781589826223609,0.0,0.07142632344254228,0.059779160900369235,0.09619311402388847,0.0,0.08315851048511022,0.0,0.1042550203493455,0.095416456143679,0.0,0.05777173953410151,0.05047096942293977,0.09267839403307328,0.0,0.04775819287251691,0.062245986598575276,0.08979970997103687,0.0,0.06082412501799883,0.0,0.0,0.0,0.08129144938922865,0.0,0.0501349692635739,0.061681863637755574,0.031040203119745667,0.06416312274935292,0.0,0.09419240527247902,0.10366470301753865,0.09444812689016042,0.0,0.0,0.0,0.04864497868679805,0.08129144938922865,0.06366396251606626,0.0,0.1282739610979934,0.0,0.06028284971556021,0.0,0.0,0.0593746292350002,0.0,0.0,0.0
0.1256685424545313,0.0,0.0,0.0675178289103837,0.0,0.0,0.0,0.13306291835111453,0.27958035959835414,0.2793273020425779,0.05064548714846114,0.0,0.0,0.03532987391843397,0.0,0.0,0.0,0.06296472132258785,0.027943793842501605,0.1494954403735747,0.12215297518248155,0.07069333916432441,0.09308994962283498,0.07023353457749418,0.05183259763902651,0.14860515835135946,0.20069741260525387,0.14860515835135946,0.07006951781942167,1.0000000000000002,0.06645502402715003,0.14860515835135946,0.10685287325983603,0.10981611616359263,0.05544807353414961,0.11753850362996357,0.16146243986108497,0.09535744154915965,0.11003117676879831,0.152894246296535,0.10961024357808649,0.0,0.0,0.12166588165492428,0.14860515835135946,0.0,0.0,0.05756044013152836,0.14860515835135946,0.0,0.07440140665714276,0.10569058346281757,0.0,0.13057117550964514,0.10927953356048604,0.1019097262553463,0.02763288010695338,0.05487777759637813,0.0,0.24609855795776114,0.2252347386602066,0.03211857040329365,0.06578435565532055,0.0574710096937211,0.06116011778069492,0.0,0.1202271237471171,0.11378902411898115,0.21197616244133322,0.0,0.1531194788896056,0.0,0.04203195805914933,0.0,0.14860515835135946,0.0,0.1953135726153708,0.07023679203278821,0.0,0.16152511715381776,0.0,0.062159240679720416,0.10982534055645163,0.10006103715819153,0.0,0.0,0.0,0.05539176428795029,0.14860515835135946,0.060491779579945094,0.0,0.13589708986798238,0.0,0.15175686508758726,0.0,0.0,0.23130902699139816,0.0,0.039758402758456504,0.0
0.04734462665400441,0.0,0.0,0.11803421485895124,0.0,0.0,0.0,0.08650048240883826,0.0,0.057777913322902386,0.36878172451188207,0.06531263036268582,0.0,0.0,0.0,0.0,0.0,0.052443153090405904,0.0,0.05632122146657127,0.10935309740252222,0.10159851793335653,0.04829614511667306,0.10093769945861562,0.07449238023005494,0.07709807902896211,0.14519241480883888,0.07709807902896211,0.21576788506767053,0.06645502402715003,1.0,0.07709807902896211,0.053327620368212696,0.05697387423534815,0.046182556641862355,0.10522215620858202,0.060829693609548735,0.13930740447405499,0.05708545017066635,0.09939227416678131,0.05686706515117275,0.10786478687772165,0.0,0.06312166995429129,0.07709807902896211,0.0,0.0,0.08272427753570055,0.07709807902896211,0.1643241973918158,0.06196873864448188,0.05483350004020155,0.0,0.06774183965098554,0.15964614753845455,0.09123105028606365,0.0,0.07886882890491709,0.0,0.09887708803879357,0.09049445583391956,0.0,0.05479161921340958,0.047867454922678965,0.08789763500496708,0.0,0.04529461531354622,0.05903506494311024,0.08516744612308813,0.0,0.057686549234125306,0.0,0.0,0.0,0.07709807902896211,0.0,0.04754878712876992,0.058500041924796436,0.02943901297346391,0.060853306782473,0.0,0.08933354688823962,0.0983172218703126,0.08957607726059173,0.0,0.0,0.0,0.04613565681674113,0.07709807902896211,0.0603798954285951,0.0,0.12165702622349256,0.0,0.057173195291522746,0.0,0.0,0.05631182481637391,0.0,0.0,0.0
0.16931259740579313,0.0,0.0,0.039165548319341624,0.0,0.0,0.0,0.11210041692693612,0.0,0.12920160791835997,0.0,0.0,0.0,0.0409881036283105,0.0,0.0,0.0,0.07304878948779218,0.08393510344014372,0.20141445755313714,0.08827504546430737,0.08201517837817034,0.06727236502385534,0.08148173412933772,0.06013380880604943,1.0000000000000004,0.06805703447621891,1.0000000000000004,0.08129144938922865,0.14860515835135946,0.07709807902896211,1.0000000000000004,0.06198290789642056,0.12740363466237462,0.06432831855711997,0.08494035234296701,0.21753753598477604,0.11062934175681217,0.07951510896273192,0.1288075518556194,0.07921091746439132,0.0,0.0,0.22573404096425242,1.0000000000000004,0.0,0.0,0.06677898965756697,1.0000000000000004,0.0,0.08631710866547618,0.12261738033687807,0.0,0.0943585404876409,0.07897192662691421,0.07364606310248901,0.08300120818235271,0.06366668729712317,0.0,0.07981831012864847,0.11727641217781312,0.03726249618446815,0.14974060741118966,0.066675236554433,0.07095517100633675,0.0,0.10128675114741524,0.08223075420338008,0.068751232083721,0.0,0.2062971064823219,0.0,0.0487635550754204,0.0,1.0000000000000004,0.0,0.10632747702866138,0.08148551327996431,0.0,0.21762198078714012,0.0,0.07211430769097993,0.0793663594052532,0.07231008979642001,0.0,0.0,0.0,0.12608463436981743,1.0000000000000004,0.0,0.0,0.09820736472969385,0.0,0.20446126373620122,0.0,0.0,0.12592317535650036,0.0,0.0,0.0
